Time	PCO2	SigCSurf	SigCDeep	AlkSurf	AlkDeep	PO4Surf	PO4Deep	d13CAtm	d13CSurf	d13CDeep	BioC	d13CBio	Inject	Stemp	Dtemp	Export	Lysocline	CalBurial	Dissolution	c13Diss	OrgBurial	PO4Burial	sCO3--Change	dCO3--Change	SAFrac
0	3.38	3.08	3.23	3.19	3.2	0.325	1.576	-4.7	4	3.1	0.227	-28.1	0	290	281	0.00016224	4.38078	1.72819e-05	2.29702e-05	4.68986	5.0224e-06	1.56e-05	-0.0530665	0.0614203	8.81	
1002.88	3.36081	3.08729	3.23233	3.19263	3.204	0.324917	1.57599	-4.46329	4.02605	3.0692	0.226828	-27.8118	0	290	281	0.000162199	4.45519	2.38108e-05	1.64311e-05	4.75065	5.02199e-06	1.5596e-05	-0.0565767	0.0621559	8.81	
2005.52	3.35254	3.08797	3.23324	3.19377	3.20516	0.32491	1.57597	-4.45746	4.02863	3.06752	0.226828	-27.7958	0	290	281	0.000162195	4.4679	2.42613e-05	1.59797e-05	4.75204	5.02195e-06	1.55957e-05	-0.0561989	0.0622824	8.81	
3009.46	3.34793	3.08836	3.23376	3.19442	3.20584	0.324902	1.57594	-4.45669	4.02875	3.06711	0.226828	-27.7895	0	290	281	0.000162191	4.47547	2.44534e-05	1.57867e-05	4.75145	5.02191e-06	1.55953e-05	-0.0559868	0.062358	8.81	
4012.07	3.34526	3.0886	3.23407	3.19482	3.20625	0.324894	1.5759	-4.45624	4.02887	3.067	0.226828	-27.7858	0	290	281	0.000162187	4.48021	2.45732e-05	1.56659e-05	4.75114	5.02187e-06	1.55949e-05	-0.0558616	0.0624053	8.81	
5015.76	3.3437	3.08875	3.23426	3.19505	3.20649	0.324886	1.57587	-4.45586	4.02905	3.06705	0.226828	-27.7836	0	290	281	0.000162183	4.4829	2.46567e-05	1.55814e-05	4.75117	5.02183e-06	1.55945e-05	-0.0557886	0.0624321	8.81	
6018.53	3.34288	3.08882	3.23435	3.19517	3.20661	0.324878	1.57583	-4.45552	4.02928	3.0672	0.226828	-27.7823	0	290	281	0.000162179	4.48403	2.4719e-05	1.55181e-05	4.75149	5.02179e-06	1.55942e-05	-0.0557503	0.0624434	8.81	
7022.33	3.34256	3.08884	3.23439	3.19521	3.20664	0.32487	1.57579	-4.4552	4.02954	3.06741	0.226828	-27.7816	0	290	281	0.000162175	4.484	2.47679e-05	1.54682e-05	4.75204	5.02175e-06	1.55938e-05	-0.0557369	0.0624431	8.81	
8025.82	3.34262	3.08882	3.23437	3.19518	3.2066	0.324863	1.57575	-4.45489	4.02983	3.06766	0.226828	-27.7813	0	290	281	0.000162171	4.48306	2.48069e-05	1.54283e-05	4.75275	5.02171e-06	1.55934e-05	-0.0557419	0.0624337	8.81	
9028.54	3.34296	3.08876	3.23432	3.19511	3.20652	0.324855	1.57571	-4.45458	4.03015	3.06793	0.226828	-27.7814	0	290	281	0.000162168	4.48144	2.48391e-05	1.53951e-05	4.75358	5.02168e-06	1.5593e-05	-0.0557607	0.0624175	8.81	
10032.5	3.34352	3.08869	3.23425	3.19499	3.20639	0.324848	1.57568	-4.45428	4.03047	3.06823	0.226828	-27.7818	0	290	281	0.000162164	4.47927	2.48664e-05	1.53669e-05	4.75452	5.02164e-06	1.55927e-05	-0.0557901	0.0623959	8.81	
11035	3.34424	3.08859	3.23415	3.19485	3.20623	0.324841	1.57564	-4.454	4.03081	3.06854	0.226828	-27.7823	0	290	281	0.00016216	4.47668	2.489e-05	1.53425e-05	4.75552	5.0216e-06	1.55923e-05	-0.0558277	0.06237	8.81	
12039.1	3.34509	3.08848	3.23403	3.19469	3.20605	0.324834	1.57561	-4.45372	4.03115	3.06885	0.226828	-27.7831	0	290	281	0.000162157	4.47375	2.49104e-05	1.53212e-05	4.75658	5.02157e-06	1.5592e-05	-0.0558719	0.0623408	8.81	
13042.3	3.34605	3.08836	3.2339	3.19451	3.20585	0.324827	1.57557	-4.45345	4.03148	3.06916	0.226828	-27.7839	0	290	281	0.000162154	4.47058	2.49281e-05	1.53026e-05	4.75768	5.02154e-06	1.55917e-05	-0.055921	0.0623091	8.81	
14045.3	3.34708	3.08823	3.23376	3.19431	3.20564	0.324821	1.57554	-4.45319	4.03182	3.06948	0.226828	-27.7849	0	290	281	0.000162151	4.46721	2.49433e-05	1.52866e-05	4.75881	5.02151e-06	1.55914e-05	-0.0559738	0.0622756	8.81	
15048.9	3.34816	3.08809	3.23361	3.1941	3.20542	0.324815	1.57551	-4.45294	4.03215	3.06978	0.226828	-27.7859	0	290	281	0.000162148	4.46373	2.49563e-05	1.5273e-05	4.75994	5.02148e-06	1.55911e-05	-0.0560292	0.0622409	8.81	
16051.5	3.34928	3.08795	3.23346	3.19389	3.20519	0.324809	1.57548	-4.4527	4.03247	3.07009	0.226828	-27.787	0	290	281	0.000162145	4.46018	2.4967e-05	1.52615e-05	4.76108	5.02145e-06	1.55908e-05	-0.0560863	0.0622056	8.81	
17055.4	3.35041	3.08781	3.23331	3.19368	3.20496	0.324804	1.57545	-4.45248	4.03279	3.07038	0.226828	-27.7881	0	290	281	0.000162142	4.45661	2.49758e-05	1.52521e-05	4.7622	5.02142e-06	1.55906e-05	-0.0561441	0.0621701	8.81	
18058	3.35155	3.08766	3.23316	3.19347	3.20473	0.324799	1.57543	-4.45226	4.03309	3.07067	0.226828	-27.7893	0	290	281	0.00016214	4.45308	2.49828e-05	1.52445e-05	4.7633	5.0214e-06	1.55903e-05	-0.0562019	0.0621349	8.81	
19062.1	3.35268	3.08752	3.23301	3.19326	3.2045	0.324794	1.5754	-4.45206	4.03338	3.07095	0.226828	-27.7904	0	290	281	0.000162137	4.4496	2.49881e-05	1.52386e-05	4.76438	5.02137e-06	1.55901e-05	-0.0562591	0.0621003	8.81	
20065	3.36162	3.08764	3.23286	3.19308	3.20428	0.324791	1.57538	-4.4805	4.02761	3.07111	0.226528	-27.8183	3.82777e-06	290.016	281.016	0.000162136	4.44662	2.49955e-05	1.52309e-05	4.76204	5.01257e-06	1.55627e-05	-0.0564873	0.0620708	8.8082	
21068.2	3.78394	3.11098	3.24014	3.20062	3.207	0.324994	1.57575	-5.40692	3.44014	2.88453	0.220388	-29.2164	3e-05	290.267	281.267	0.000162237	4.28468	2.25511e-05	1.77004e-05	4.37248	4.87732e-06	1.51492e-05	-0.0679848	0.0604831	8.77995	
22071.6	4.12365	3.13782	3.26003	3.21693	3.21911	0.325322	1.57687	-5.78532	3.04745	2.53637	0.214411	-29.95	3e-05	290.518	281.518	0.000162401	4.0243	1.97448e-05	2.05472e-05	4.11854	4.74629e-06	1.47523e-05	-0.0750752	0.0580151	8.75174	
23074	4.39471	3.16818	3.28681	3.24054	3.23974	0.325751	1.57859	-6.12139	2.68218	2.17999	0.208601	-30.5504	3e-05	290.768	281.768	0.000162615	3.85303	1.5516e-05	2.48292e-05	3.91614	4.61937e-06	1.43706e-05	-0.0791559	0.0564469	8.72361	
24077.8	4.61859	3.20331	3.3191	3.27141	3.26797	0.326276	1.58084	-6.45203	2.32266	1.82582	0.202941	-31.0893	3e-05	291.019	282.019	0.000162877	3.7826	1.35846e-05	2.68255e-05	3.70354	4.4961e-06	1.40023e-05	-0.0812657	0.0558144	8.69548	
25079.7	4.8109	3.2404	3.35424	3.30571	3.29972	0.326887	1.58356	-6.77429	1.97182	1.47698	0.197444	-31.5838	3e-05	291.27	282.27	0.000163182	3.74825	1.36118e-05	2.6874e-05	3.43755	4.37672e-06	1.36478e-05	-0.0822761	0.0555085	8.66746	
26082.3	4.98788	3.27799	3.39053	3.34118	3.3327	0.327583	1.58672	-7.08797	1.62948	1.13398	0.192092	-32.0508	3e-05	291.52	282.52	0.00016353	3.72148	1.46891e-05	2.5883e-05	3.10168	4.26078e-06	1.33054e-05	-0.0827797	0.0552712	8.63947	
27086.1	5.16063	3.3151	3.42678	3.37639	3.36529	0.328363	1.59031	-7.39315	1.29546	0.797219	0.186879	-32.5012	3e-05	291.771	282.771	0.000163919	3.68407	1.70317e-05	2.3637e-05	2.62404	4.14812e-06	1.29744e-05	-0.0831339	0.0549414	8.61149	
28088.6	5.3376	3.35103	3.46219	3.4103	3.3967	0.329224	1.59428	-7.68939	0.970156	0.467884	0.181813	-32.9421	3e-05	292.022	283.022	0.000164349	3.63453	1.80158e-05	2.27596e-05	2.20247	4.0389e-06	1.26551e-05	-0.083575	0.0545076	8.5836	
29092.7	5.51301	3.38808	3.49837	3.44556	3.42971	0.330166	1.59866	-7.9798	0.650995	0.146086	0.176877	-33.3721	3e-05	292.273	283.273	0.000164819	3.61941	1.81244e-05	2.27676e-05	1.88569	3.9327e-06	1.23461e-05	-0.0838096	0.0543759	8.55571	
30095.1	5.67963	3.42616	3.53553	3.4823	3.46429	0.33118	1.60341	-8.26317	0.339266	-0.167849	0.172082	-33.7847	3e-05	292.523	283.523	0.000165325	3.62963	1.84205e-05	2.25972e-05	1.56664	3.82975e-06	1.20477e-05	-0.0837244	0.0544649	8.52791	
31095.1	5.6626	3.45836	3.57251	3.51818	3.49974	0.332227	1.60849	-8.11257	0.291182	-0.434266	0.167428	-33.6349	0	292.773	283.773	0.000165848	3.67743	1.90792e-05	2.2068e-05	1.42876	3.72984e-06	1.17584e-05	-0.0804759	0.0548831	8.50023	
32098.3	5.43132	3.47774	3.60128	3.54725	3.53176	0.333249	1.61366	-7.97633	0.355121	-0.488534	0.162886	-33.3112	0	293.024	284.024	0.000166358	3.87224	2.09833e-05	2.02906e-05	1.33841	3.63215e-06	1.1474e-05	-0.0734542	0.0566206	8.47251	
33100.9	5.29126	3.49616	3.62386	3.57283	3.559	0.334305	1.61892	-7.96147	0.340183	-0.512525	0.158469	-33.1834	0	293.275	284.275	0.000166885	4.09967	2.28967e-05	1.8508e-05	1.28245	3.53717e-06	1.11977e-05	-0.0680245	0.058719	8.44485	
34104.4	5.19301	3.51253	3.64282	3.59504	3.58237	0.335395	1.6243	-7.94925	0.324863	-0.531781	0.154168	-33.0907	0	293.526	284.526	0.000167429	4.30863	2.45698e-05	1.69698e-05	1.23837	3.4447e-06	1.09288e-05	-0.0634823	0.0607153	8.41721	
35107.4	5.12162	3.52638	3.65873	3.61372	3.60178	0.336519	1.62982	-7.93584	0.311585	-0.548554	0.149985	-33.018	0	293.777	284.777	0.00016799	4.47729	2.64444e-05	1.52344e-05	1.12612	3.35481e-06	1.06675e-05	-0.0596537	0.0623761	8.38963	
36110.4	5.07015	3.53863	3.6726	3.63005	3.61873	0.337678	1.6355	-7.92165	0.299668	-0.563324	0.145916	-32.9606	0	294.027	285.027	0.000168569	4.62565	2.76363e-05	1.41861e-05	1.05386	3.26737e-06	1.04134e-05	-0.0563643	0.0638745	8.36211	
37113.6	5.03325	3.54924	3.68464	3.64413	3.63318	0.338874	1.64134	-7.9064	0.289214	-0.576705	0.141956	-32.9142	0	294.278	285.278	0.000169166	4.74616	2.92066e-05	1.27639e-05	1.00041	3.1823e-06	1.01663e-05	-0.0535308	0.065118	8.33462	
38117.1	5.01059	3.55808	3.69483	3.6558	3.64507	0.340107	1.64735	-7.88983	0.280396	-0.58883	0.138102	-32.8783	0	294.529	285.529	0.000169782	4.83721	3.03822e-05	1.17411e-05	0.957888	3.09954e-06	9.9259e-06	-0.0511922	0.0660736	8.30717	
39121.5	4.99801	3.56616	3.70399	3.66628	3.65579	0.34138	1.65355	-7.87279	0.272316	-0.599748	0.13435	-32.8505	0	294.78	285.78	0.000170417	4.92033	3.0969e-05	1.13119e-05	0.921585	3.01896e-06	9.69195e-06	-0.0491651	0.0669582	8.27974	
40122.7	4.98364	3.5734	3.71235	3.67578	3.66547	0.342682	1.6599	-7.84087	0.271816	-0.609579	0.131117	-32.8076	0	295	286	0.000171067	4.99216	3.16544e-05	1.07878e-05	0.89469	2.9507e-06	9.49686e-06	-0.0472736	0.0677322	8.25578	
41127.7	4.92603	3.57822	3.71928	3.68321	3.67376	0.343976	1.66629	-7.80822	0.296193	-0.603911	0.131117	-32.7247	0	295	286	0.000171713	5.05436	3.24211e-05	1.01813e-05	0.889524	2.95443e-06	9.53271e-06	-0.045225	0.0684096	8.25578	
42128	4.88494	3.58217	3.72468	3.6891	3.6803	0.345253	1.67258	-7.79365	0.309381	-0.59447	0.131117	-32.6746	0	295	286	0.00017235	5.10557	3.32074e-05	9.55313e-06	0.881423	2.95811e-06	9.5681e-06	-0.0436878	0.0689725	8.25578	
43132.1	4.85398	3.58522	3.72896	3.69364	3.68538	0.346525	1.67884	-7.77916	0.322883	-0.584302	0.131117	-32.6332	0	295	286	0.000172985	5.1422	3.38858e-05	9.03229e-06	0.878145	2.96177e-06	9.60334e-06	-0.0425066	0.0693779	8.25578	
44133.7	4.83082	3.58752	3.73234	3.69707	3.68926	0.347785	1.68503	-7.7646	0.336702	-0.573709	0.131117	-32.5983	0	295	286	0.000173614	5.16636	3.44111e-05	8.66306e-06	0.878892	2.9654e-06	9.63826e-06	-0.0416129	0.0696465	8.25578	
45134.8	4.81351	3.58926	3.73506	3.69965	3.69224	0.349036	1.69117	-7.75	0.350744	-0.562801	0.131117	-32.5686	0	295	286	0.000174239	5.18136	3.4793e-05	8.43614e-06	0.882777	2.96901e-06	9.67293e-06	-0.040938	0.0698139	8.25578	
46136	4.80048	3.5906	3.73729	3.70164	3.69459	0.35028	1.69727	-7.7354	0.364917	-0.551671	0.131117	-32.5425	0	295	286	0.00017486	5.18993	3.50591e-05	8.32405e-06	0.889041	2.97259e-06	9.70741e-06	-0.0404242	0.0699097	8.25578	
47142.2	4.79047	3.59167	3.73918	3.70321	3.69649	0.351523	1.70337	-7.72078	0.379215	-0.540351	0.131117	-32.5191	0	295	286	0.00017548	5.19407	3.52401e-05	8.29706e-06	0.897102	2.97618e-06	9.74186e-06	-0.0400242	0.069956	8.25578	
48148.8	4.78263	3.59255	3.74084	3.70448	3.69808	0.35276	1.70943	-7.70623	0.393525	-0.528953	0.131117	-32.4976	0	295	286	0.000176098	5.19513	3.536e-05	8.3303e-06	0.90645	2.97974e-06	9.77614e-06	-0.039706	0.0699679	8.25578	
49154.4	4.77629	3.59328	3.74232	3.70554	3.69944	0.353989	1.71545	-7.69176	0.407793	-0.517543	0.131117	-32.4775	0	295	286	0.000176711	5.19407	3.54383e-05	8.40426e-06	0.916701	2.98329e-06	9.81021e-06	-0.0394455	0.069956	8.25578	
50161.6	4.77101	3.59393	3.74368	3.70646	3.70064	0.355214	1.72145	-7.67736	0.422036	-0.506123	0.131117	-32.4584	0	295	286	0.000177323	5.1915	3.54889e-05	8.50538e-06	0.927614	2.98682e-06	9.84415e-06	-0.0392249	0.0699273	8.25578	
51162.6	4.7665	3.5945	3.74494	3.70726	3.70173	0.356425	1.72738	-7.66313	0.436132	-0.494804	0.131117	-32.4402	0	295	286	0.000177927	5.1879	3.55209e-05	8.62339e-06	0.93891	2.99031e-06	9.87771e-06	-0.0390342	0.069887	8.25578	
52166.7	4.76251	3.59502	3.74615	3.70799	3.70273	0.357634	1.7333	-7.64895	0.450201	-0.483496	0.131117	-32.4225	0	295	286	0.000178531	5.18349	3.55408e-05	8.75312e-06	0.950553	2.99379e-06	9.9112e-06	-0.0388639	0.0698378	8.25578	
53169.6	4.75893	3.5955	3.7473	3.70866	3.70368	0.358835	1.73918	-7.63487	0.464178	-0.472256	0.131117	-32.4053	0	295	286	0.00017913	5.17851	3.55527e-05	8.88998e-06	0.962397	2.99725e-06	9.94449e-06	-0.0387093	0.0697821	8.25578	
54172.8	4.75565	3.59595	3.74842	3.70929	3.70457	0.36003	1.74504	-7.62088	0.47808	-0.461075	0.131117	-32.3884	0	295	286	0.000179727	5.17307	3.55592e-05	9.03153e-06	0.974387	3.0007e-06	9.97762e-06	-0.0385666	0.0697214	8.25578	
55178	4.7526	3.59637	3.7495	3.70988	3.70542	0.361222	1.75088	-7.60695	0.49193	-0.449936	0.131117	-32.3717	0	295	286	0.000180322	5.16726	3.55621e-05	9.17632e-06	0.986495	3.00413e-06	1.00107e-05	-0.0384332	0.0696565	8.25578	
56181.6	4.74975	3.59678	3.75056	3.71044	3.70624	0.362407	1.75667	-7.59312	0.505673	-0.438885	0.131117	-32.3554	0	295	286	0.000180913	5.16116	3.55624e-05	9.32267e-06	0.998633	3.00755e-06	1.00435e-05	-0.0383078	0.0695887	8.25578	
57187.5	4.74705	3.59716	3.7516	3.71097	3.70703	0.363588	1.76246	-7.57936	0.519365	-0.427878	0.131117	-32.3392	0	295	286	0.000181503	5.15482	3.55609e-05	9.47043e-06	1.01082	3.01095e-06	1.00762e-05	-0.0381885	0.0695181	8.25578	
58190.9	4.7445	3.59754	3.75261	3.71148	3.70779	0.36476	1.7682	-7.56572	0.532936	-0.416971	0.131117	-32.3233	0	295	286	0.000182088	5.14829	3.55582e-05	9.61836e-06	1.02299	3.01433e-06	1.01087e-05	-0.0380751	0.0694455	8.25578	
59192	4.74207	3.59789	3.7536	3.71197	3.70853	0.365924	1.7739	-7.5522	0.546391	-0.406161	0.131117	-32.3076	0	295	286	0.000182669	5.14161	3.55546e-05	9.76615e-06	1.0351	3.01768e-06	1.0141e-05	-0.0379666	0.0693714	8.25578	
60198.6	4.73973	3.59824	3.75459	3.71244	3.70926	0.367089	1.7796	-7.53869	0.559835	-0.395363	0.131117	-32.2921	0	295	286	0.000183251	5.13476	3.55503e-05	9.91472e-06	1.04726	3.02104e-06	1.01732e-05	-0.0378617	0.0692953	8.25578	
61201.5	4.73749	3.59857	3.75555	3.7129	3.70996	0.368244	1.78525	-7.52533	0.573142	-0.38468	0.131117	-32.2767	0	295	286	0.000183827	5.12781	3.55455e-05	1.00625e-05	1.05933	3.02437e-06	1.02052e-05	-0.0377609	0.0692183	8.25578	
62206	4.73532	3.5989	3.7565	3.71335	3.71065	0.369395	1.79089	-7.51203	0.586386	-0.374051	0.131117	-32.2615	0	295	286	0.000184402	5.12074	3.55404e-05	1.02101e-05	1.07138	3.02769e-06	1.02371e-05	-0.0376633	0.06914	8.25578	
63208.9	4.73323	3.59922	3.75744	3.71378	3.71132	0.370538	1.79649	-7.49884	0.599522	-0.363514	0.131117	-32.2464	0	295	286	0.000184973	5.11359	3.55351e-05	1.03571e-05	1.08335	3.03098e-06	1.02688e-05	-0.037569	0.069061	8.25578	
64209.7	4.73122	3.59952	3.75836	3.7142	3.71198	0.371674	1.80205	-7.48576	0.612546	-0.353071	0.131117	-32.2315	0	295	286	0.00018554	5.10637	3.55297e-05	1.05032e-05	1.09524	3.03426e-06	1.03003e-05	-0.0374776	0.0689813	8.25578	
65211.6	4.72926	3.59982	3.75928	3.71461	3.71263	0.372806	1.80759	-7.47275	0.625501	-0.342689	0.131117	-32.2168	0	295	286	0.000186105	5.09908	3.55242e-05	1.06488e-05	1.10709	3.03752e-06	1.03317e-05	-0.0373887	0.0689009	8.25578	
66212.3	4.72736	3.60011	3.76018	3.715	3.71326	0.37393	1.8131	-7.45985	0.638354	-0.332392	0.131117	-32.2022	0	295	286	0.000186666	5.09173	3.55186e-05	1.07937e-05	1.11886	3.04076e-06	1.03628e-05	-0.0373024	0.0688199	8.25578	
67213.6	4.72552	3.6004	3.76107	3.71539	3.71388	0.37505	1.81858	-7.44702	0.651131	-0.32216	0.131117	-32.1877	0	295	286	0.000187225	5.08432	3.5513e-05	1.0938e-05	1.13058	3.04399e-06	1.03939e-05	-0.0372183	0.0687384	8.25578	
68214.5	4.72373	3.60068	3.76195	3.71577	3.7145	0.376165	1.82403	-7.43429	0.66382	-0.312004	0.131117	-32.1734	0	295	286	0.000187781	5.07687	3.55075e-05	1.10816e-05	1.14222	3.0472e-06	1.04248e-05	-0.0371363	0.0686564	8.25578	
69222.3	4.72197	3.60095	3.76283	3.71614	3.7151	0.377281	1.8295	-7.42155	0.676511	-0.301851	0.131117	-32.1591	0	295	286	0.000188339	5.06932	3.55018e-05	1.12255e-05	1.15388	3.05042e-06	1.04557e-05	-0.0370559	0.0685735	8.25578	
70224.4	4.70131	3.60072	3.76366	3.71634	3.71569	0.378378	1.8349	-7.38054	0.706101	-0.290463	0.132145	-32.101	0	294.926	285.926	0.000188886	5.06008	3.54666e-05	1.13966e-05	1.17704	3.07859e-06	1.0572e-05	-0.036754	0.0684723	8.26387	
71226.4	4.62542	3.59824	3.76337	3.71506	3.7157	0.379391	1.84001	-7.35377	0.755775	-0.258772	0.137074	-32.0052	0	294.592	285.592	0.000189392	5.0577	3.55416e-05	1.14471e-05	1.21411	3.19671e-06	1.09965e-05	-0.0359974	0.0684461	8.30033	
72230.7	4.55994	3.59536	3.76195	3.71293	3.71471	0.380325	1.84472	-7.34104	0.797051	-0.22271	0.142198	-31.9328	0	294.257	285.257	0.000189858	5.05722	3.56314e-05	1.1473e-05	1.24879	3.31939e-06	1.14365e-05	-0.0355845	0.0684409	8.33695	
73234.8	4.49885	3.59191	3.75976	3.71001	3.71287	0.381175	1.84902	-7.32717	0.839451	-0.184975	0.147513	-31.8626	0	293.922	284.922	0.000190282	5.05293	3.56461e-05	1.15634e-05	1.28685	3.44647e-06	1.18914e-05	-0.0353511	0.068394	8.37365	
74241.5	4.44002	3.58792	3.75691	3.70641	3.71032	0.381939	1.8529	-7.3117	0.883321	-0.145613	0.15304	-31.7923	0	293.587	284.587	0.000190664	5.045	3.55961e-05	1.17081e-05	1.32792	3.57847e-06	1.23627e-05	-0.0352357	0.0683072	8.41053	
75241.6	4.38306	3.58347	3.75352	3.70225	3.70718	0.38261	1.85633	-7.29468	0.928299	-0.105007	0.158736	-31.7217	0	293.253	284.253	0.000190999	5.03435	3.55001e-05	1.18872e-05	1.3712	3.7143e-06	1.28464e-05	-0.035206	0.068191	8.44725	
76248	4.32664	3.57854	3.7496	3.69755	3.70348	0.383192	1.85933	-7.2758	0.974994	-0.0626192	0.164681	-31.6491	0	292.918	283.918	0.000191289	5.02162	3.53701e-05	1.20893e-05	1.41698	3.85586e-06	1.3349e-05	-0.0352403	0.0680522	8.48428	
77248.2	4.27108	3.57322	3.74522	3.69239	3.69931	0.383677	1.86185	-7.25522	1.02286	-0.0189444	0.170808	-31.5751	0	292.584	283.584	0.000191531	5.00753	3.52168e-05	1.23027e-05	1.46447	4.00152e-06	1.38645e-05	-0.0353233	0.067899	8.52117	
78248.3	4.21573	3.56749	3.74037	3.68679	3.69468	0.384065	1.8639	-7.23275	1.07224	0.0263144	0.177163	-31.4988	0	292.251	283.251	0.000191725	4.99247	3.50452e-05	1.25223e-05	1.51379	4.15231e-06	1.43962e-05	-0.035444	0.0677356	8.55814	
79251.5	4.16022	3.56133	3.73507	3.68074	3.6896	0.384354	1.86547	-7.20824	1.12332	0.073354	0.183775	-31.4197	0	291.917	282.917	0.00019187	4.97677	3.48588e-05	1.27446e-05	1.56499	4.30886e-06	1.49462e-05	-0.0355946	0.0675656	8.59531	
80257.4	4.10437	3.55476	3.7293	3.67425	3.68407	0.384541	1.86655	-7.18158	1.17616	0.122225	0.190651	-31.3376	0	291.581	282.581	0.000191963	4.96071	3.46606e-05	1.29659e-05	1.61799	4.47133e-06	1.55145e-05	-0.0357688	0.0673922	8.63267	
81261.2	4.04833	3.54781	3.72309	3.66736	3.67813	0.384622	1.86711	-7.1528	1.23057	0.172755	0.197769	-31.2525	0	291.247	282.247	0.000192003	4.94462	3.44544e-05	1.31821e-05	1.67251	4.63911e-06	1.60989e-05	-0.0359604	0.0672189	8.67003	
82265.6	3.99185	3.54044	3.71642	3.66005	3.67176	0.384593	1.86714	-7.12173	1.28673	0.225133	0.205156	-31.164	0	290.912	281.912	0.000191989	4.92865	3.42422e-05	1.33907e-05	1.72872	4.81279e-06	1.67008e-05	-0.0361658	0.0670474	8.7075	
83268.1	3.93497	3.53267	3.70931	3.65233	3.66498	0.384452	1.86662	-7.08834	1.34459	0.279291	0.212803	-31.0722	0	290.578	281.578	0.000191918	4.91297	3.40277e-05	1.35878e-05	1.78653	4.9921e-06	1.73189e-05	-0.0363818	0.0668793	8.74499	
84271.1	3.87753	3.52447	3.70172	3.64418	3.65776	0.384196	1.86555	-7.05244	1.40433	0.33542	0.220737	-30.9765	0	290.243	281.243	0.000191791	4.8976	3.38135e-05	1.37703e-05	1.84622	5.17761e-06	1.79549e-05	-0.0366069	0.0667151	8.78258	
85275.9	3.85679	3.51727	3.69377	3.63594	3.65011	0.383841	1.86393	-7.06648	1.43844	0.390996	0.226828	-30.9647	0	290	281	0.000191613	4.88223	3.36003e-05	1.39395e-05	1.89392	5.31613e-06	1.84244e-05	-0.0376342	0.0665512	8.81	
86278	3.90919	3.51395	3.68796	3.62983	3.64331	0.383503	1.86221	-7.07764	1.44268	0.417463	0.226828	-31.0329	0	290	281	0.000191445	4.83447	3.29058e-05	1.45921e-05	1.92285	5.31445e-06	1.84081e-05	-0.0398678	0.0660446	8.81	
87281.3	3.93958	3.51081	3.68387	3.62495	3.6381	0.38317	1.86054	-7.06357	1.45975	0.437489	0.226828	-31.0506	0	290	281	0.000191278	4.78571	3.20018e-05	1.54548e-05	1.949	5.31278e-06	1.83922e-05	-0.0412634	0.0655314	8.81	
88286	3.95955	3.50858	3.68101	3.62159	3.63455	0.382841	1.8589	-7.04843	1.4766	0.456162	0.226828	-31.0563	0	290	281	0.000191114	4.75473	3.12722e-05	1.61438e-05	1.97246	5.31114e-06	1.83764e-05	-0.0421836	0.0652073	8.81	
89288.3	3.9729	3.50689	3.67885	3.61912	3.63188	0.382518	1.8573	-7.03311	1.49302	0.473915	0.226828	-31.0548	0	290	281	0.000190953	4.73192	3.10002e-05	1.63757e-05	1.9981	5.30953e-06	1.83608e-05	-0.0428146	0.0649699	8.81	
90289	3.98316	3.50531	3.67695	3.61692	3.62949	0.382199	1.85573	-7.01752	1.50934	0.491117	0.226828	-31.0498	0	290	281	0.000190794	4.71	3.10367e-05	1.62997e-05	2.03203	5.30794e-06	1.83455e-05	-0.0433236	0.0647423	8.81	
91292.2	3.99261	3.50369	3.67507	3.61471	3.62707	0.381883	1.85417	-7.00171	1.52576	0.508114	0.226828	-31.0436	0	290	281	0.000190636	4.68653	3.11215e-05	1.61758e-05	2.07088	5.30636e-06	1.83304e-05	-0.0438079	0.0644997	8.81	
92295.5	4.00184	3.5021	3.67325	3.61255	3.62474	0.381572	1.85263	-6.98595	1.54207	0.524995	0.226828	-31.0373	0	290	281	0.000190481	4.66425	3.10745e-05	1.61842e-05	2.10311	5.30481e-06	1.83154e-05	-0.0442786	0.0642702	8.81	
93298.8	4.01032	3.50067	3.67157	3.6106	3.62264	0.381264	1.85112	-6.97042	1.55813	0.541736	0.226828	-31.0304	0	290	281	0.000190327	4.64555	3.09505e-05	1.62702e-05	2.12972	5.30327e-06	1.83007e-05	-0.0447055	0.0640782	8.81	
94301.9	4.01756	3.49943	3.67007	3.60891	3.62082	0.380961	1.84962	-6.95513	1.57391	0.558276	0.226828	-31.0226	0	290	281	0.000190176	4.63086	3.08096e-05	1.63735e-05	2.1526	5.30176e-06	1.82861e-05	-0.0450697	0.0639278	8.81	
95302	4.02344	3.49838	3.66877	3.60749	3.61929	0.380661	1.84815	-6.94008	1.58937	0.574544	0.226828	-31.0135	0	290	281	0.000190026	4.61974	3.06815e-05	1.64645e-05	2.17302	5.30026e-06	1.82718e-05	-0.0453684	0.0638141	8.81	
96304.6	4.02809	3.49746	3.66763	3.60628	3.61798	0.380365	1.84669	-6.92513	1.60465	0.590632	0.226828	-31.0033	0	290	281	0.000189878	4.61143	3.05741e-05	1.65351e-05	2.19195	5.29878e-06	1.82575e-05	-0.0456104	0.0637293	8.81	
97308.2	4.0317	3.49667	3.66662	3.60526	3.61687	0.38007	1.84524	-6.91029	1.61975	0.606532	0.226828	-30.9921	0	290	281	0.000189731	4.60536	3.04876e-05	1.65851e-05	2.20983	5.29731e-06	1.82434e-05	-0.0458052	0.0636674	8.81	
98311	4.03445	3.49597	3.66571	3.60437	3.6159	0.379779	1.84381	-6.89558	1.63466	0.622231	0.226828	-30.9802	0	290	281	0.000189586	4.60103	3.04194e-05	1.66172e-05	2.22693	5.29586e-06	1.82294e-05	-0.0459617	0.0636234	8.81	
99314.8	4.03654	3.49534	3.66489	3.60359	3.61505	0.37949	1.8424	-6.88095	1.64944	0.637777	0.226828	-30.9677	0	290	281	0.000189441	4.59803	3.03659e-05	1.66349e-05	2.24348	5.29441e-06	1.82155e-05	-0.0460886	0.0635929	8.81	
100318	4.03811	3.49477	3.66414	3.6029	3.61429	0.379203	1.84099	-6.86644	1.66407	0.653164	0.226828	-30.9548	0	290	281	0.000189298	4.59606	3.03241e-05	1.66413e-05	2.25958	5.29298e-06	1.82017e-05	-0.0461923	0.0635728	8.81	
101321	4.03928	3.49424	3.66344	3.60227	3.6136	0.378919	1.8396	-6.85204	1.67856	0.668398	0.226828	-30.9416	0	290	281	0.000189156	4.59488	3.02912e-05	1.6639e-05	2.2753	5.29156e-06	1.81881e-05	-0.0462781	0.0635608	8.81	
102325	4.04013	3.49374	3.66278	3.60169	3.61296	0.378637	1.83822	-6.83772	1.69295	0.683519	0.226828	-30.9282	0	290	281	0.000189016	4.5943	3.02653e-05	1.663e-05	2.29074	5.29016e-06	1.81746e-05	-0.0463501	0.0635549	8.81	
103328	4.04074	3.49327	3.66215	3.60115	3.61237	0.378358	1.83685	-6.82351	1.70721	0.698496	0.226828	-30.9146	0	290	281	0.000188876	4.59418	3.02447e-05	1.6616e-05	2.30589	5.28876e-06	1.81612e-05	-0.0464113	0.0635536	8.81	
104332	4.04116	3.49282	3.66155	3.60065	3.6118	0.378081	1.83549	-6.80938	1.72138	0.713378	0.226828	-30.9009	0	290	281	0.000188738	4.59441	3.0228e-05	1.65983e-05	2.32086	5.28738e-06	1.81479e-05	-0.0464642	0.063556	8.81	
105335	4.04144	3.49239	3.66096	3.60016	3.61127	0.377806	1.83414	-6.79536	1.73543	0.728133	0.226828	-30.8871	0	290	281	0.000188601	4.59492	3.02145e-05	1.65778e-05	2.33561	5.28601e-06	1.81347e-05	-0.0465107	0.0635612	8.81	
106338	4.0416	3.49197	3.66039	3.5997	3.61075	0.377533	1.83281	-6.78143	1.74937	0.742778	0.226828	-30.8734	0	290	281	0.000188464	4.59564	3.02033e-05	1.65552e-05	2.35019	5.28464e-06	1.81216e-05	-0.0465521	0.0635685	8.81	
107341	4.04168	3.49156	3.65984	3.59925	3.61026	0.377262	1.83148	-6.76758	1.76323	0.757326	0.226828	-30.8596	0	290	281	0.000188329	4.59652	3.01939e-05	1.65311e-05	2.36462	5.28329e-06	1.81086e-05	-0.0465895	0.0635774	8.81	
108344	4.04168	3.49116	3.65929	3.59882	3.60977	0.376994	1.83017	-6.75384	1.77698	0.771757	0.226828	-30.8459	0	290	281	0.000188195	4.59752	3.01858e-05	1.65059e-05	2.3789	5.28195e-06	1.80957e-05	-0.0466237	0.0635877	8.81	
109348	4.04163	3.49076	3.65875	3.59839	3.6093	0.376727	1.82886	-6.74018	1.79065	0.786105	0.226828	-30.8321	0	290	281	0.000188062	4.59863	3.01788e-05	1.64799e-05	2.39306	5.28062e-06	1.80829e-05	-0.0466554	0.0635989	8.81	
110350	4.04153	3.49038	3.65822	3.59797	3.60883	0.376463	1.82756	-6.72662	1.8042	0.800335	0.226828	-30.8185	0	290	281	0.00018793	4.5998	3.01726e-05	1.64533e-05	2.40707	5.2793e-06	1.80702e-05	-0.046685	0.0636109	8.81	
111355	4.04139	3.48999	3.6577	3.59756	3.60838	0.3762	1.82628	-6.71313	1.81769	0.814489	0.226828	-30.8048	0	290	281	0.000187799	4.60104	3.01671e-05	1.64264e-05	2.421	5.27799e-06	1.80576e-05	-0.046713	0.0636234	8.81	
112357	4.04123	3.48961	3.65718	3.59716	3.60792	0.37594	1.825	-6.69975	1.83107	0.828524	0.226828	-30.7913	0	290	281	0.000187669	4.60231	3.0162e-05	1.63992e-05	2.43478	5.27669e-06	1.80451e-05	-0.0467396	0.0636364	8.81	
113357	4.04104	3.48923	3.65667	3.59676	3.60748	0.375682	1.82374	-6.6865	1.84432	0.84243	0.226828	-30.7779	0	290	281	0.000187541	4.60362	3.01573e-05	1.6372e-05	2.44842	5.27541e-06	1.80327e-05	-0.0467651	0.0636497	8.81	
114361	4.04084	3.48886	3.65616	3.59636	3.60704	0.375426	1.82249	-6.67328	1.85753	0.856292	0.226828	-30.7644	0	290	281	0.000187412	4.60495	3.01529e-05	1.63446e-05	2.46201	5.27412e-06	1.80204e-05	-0.0467897	0.0636633	8.81	
115364	4.04061	3.48849	3.65565	3.59597	3.6066	0.375171	1.82124	-6.66015	1.87065	0.870052	0.226828	-30.7511	0	290	281	0.000187285	4.60631	3.01488e-05	1.63172e-05	2.47549	5.27285e-06	1.80082e-05	-0.0468135	0.0636771	8.81	
116367	4.04038	3.48812	3.65515	3.59558	3.60617	0.374919	1.82	-6.64711	1.88368	0.883723	0.226828	-30.7378	0	290	281	0.000187159	4.60767	3.01449e-05	1.62899e-05	2.48888	5.27159e-06	1.79961e-05	-0.0468367	0.063691	8.81	
117370	4.04013	3.48775	3.65465	3.59519	3.60574	0.374668	1.81878	-6.63416	1.89662	0.897305	0.226828	-30.7246	0	290	281	0.000187034	4.60904	3.01411e-05	1.62626e-05	2.50217	5.27034e-06	1.79841e-05	-0.0468593	0.0637049	8.81	
118373	4.03987	3.48738	3.65416	3.5948	3.60531	0.374419	1.81756	-6.62129	1.90948	0.910795	0.226828	-30.7115	0	290	281	0.00018691	4.61041	3.01374e-05	1.62354e-05	2.51536	5.2691e-06	1.79721e-05	-0.0468815	0.0637189	8.81	
119373	4.03961	3.48702	3.65366	3.59442	3.60488	0.374173	1.81635	-6.60854	1.92222	0.924152	0.226828	-30.6984	0	290	281	0.000186787	4.61178	3.01339e-05	1.62085e-05	2.52842	5.26787e-06	1.79603e-05	-0.0469032	0.0637329	8.81	
120376	4.03934	3.48665	3.65317	3.59404	3.60446	0.373928	1.81516	-6.59585	1.9349	0.937452	0.226828	-30.6855	0	290	281	0.000186665	4.61315	3.01305e-05	1.61816e-05	2.54142	5.26665e-06	1.79486e-05	-0.0469246	0.0637468	8.81	
121376	4.03906	3.48629	3.65268	3.59366	3.60404	0.373686	1.81397	-6.58327	1.94747	0.950632	0.226828	-30.6726	0	290	281	0.000186544	4.61451	3.01271e-05	1.6155e-05	2.5543	5.26544e-06	1.79369e-05	-0.0469456	0.0637607	8.81	
122379	4.03878	3.48593	3.6522	3.59328	3.60362	0.373445	1.81279	-6.57072	1.96	0.963772	0.226828	-30.6598	0	290	281	0.000186424	4.61587	3.01237e-05	1.61284e-05	2.56714	5.26424e-06	1.79253e-05	-0.0469664	0.0637746	8.81	
123382	4.03849	3.48557	3.65171	3.5929	3.6032	0.373205	1.81162	-6.55827	1.97244	0.976816	0.226828	-30.647	0	290	281	0.000186304	4.61722	3.01205e-05	1.61021e-05	2.57989	5.26304e-06	1.79138e-05	-0.046987	0.0637884	8.81	
124385	4.0382	3.48521	3.65123	3.59252	3.60278	0.372968	1.81045	-6.5459	1.9848	0.989776	0.226828	-30.6344	0	290	281	0.000186185	4.61857	3.01172e-05	1.60759e-05	2.59255	5.26185e-06	1.79024e-05	-0.0470074	0.0638022	8.81	
125389	4.03791	3.48485	3.65075	3.59215	3.60237	0.372732	1.8093	-6.5336	1.99708	1.00265	0.226828	-30.6218	0	290	281	0.000186068	4.61991	3.0114e-05	1.60499e-05	2.60512	5.26068e-06	1.78911e-05	-0.0470276	0.0638158	8.81	
126392	4.03761	3.48449	3.65027	3.59177	3.60195	0.372498	1.80815	-6.52139	2.00928	1.01544	0.226828	-30.6093	0	290	281	0.000185951	4.62123	3.01108e-05	1.6024e-05	2.61762	5.25951e-06	1.78799e-05	-0.0470476	0.0638293	8.81	
127392	4.03732	3.48414	3.64979	3.5914	3.60154	0.372266	1.80702	-6.5093	2.02136	1.02811	0.226828	-30.5969	0	290	281	0.000185835	4.62254	3.01077e-05	1.59985e-05	2.62999	5.25835e-06	1.78688e-05	-0.0470674	0.0638427	8.81	
128395	4.03702	3.48378	3.64932	3.59103	3.60113	0.372036	1.80589	-6.49725	2.03339	1.04072	0.226828	-30.5845	0	290	281	0.00018572	4.62385	3.01046e-05	1.59731e-05	2.64231	5.2572e-06	1.78577e-05	-0.0470871	0.063856	8.81	
129395	4.03671	3.48343	3.64884	3.59066	3.60073	0.371808	1.80477	-6.48532	2.04532	1.05321	0.226828	-30.5723	0	290	281	0.000185606	4.62513	3.01015e-05	1.59479e-05	2.65451	5.25606e-06	1.78468e-05	-0.0471066	0.0638692	8.81	
130398	4.03641	3.48307	3.64837	3.59029	3.60032	0.37158	1.80366	-6.47341	2.0572	1.06567	0.226828	-30.5601	0	290	281	0.000185493	4.62641	3.00984e-05	1.59229e-05	2.66668	5.25493e-06	1.78359e-05	-0.0471261	0.0638823	8.81	
131401	4.0361	3.48272	3.6479	3.58992	3.59991	0.371355	1.80256	-6.4616	2.06901	1.07804	0.226828	-30.5479	0	290	281	0.00018538	4.62768	3.00953e-05	1.58981e-05	2.67877	5.2538e-06	1.7825e-05	-0.0471454	0.0638953	8.81	
132404	4.0358	3.48237	3.64743	3.58955	3.5995	0.371131	1.80146	-6.44986	2.08073	1.09033	0.226828	-30.5359	0	290	281	0.000185269	4.62894	3.00922e-05	1.58735e-05	2.69077	5.25269e-06	1.78143e-05	-0.0471647	0.0639081	8.81	
133408	4.03549	3.48202	3.64696	3.58918	3.5991	0.370909	1.80038	-6.43819	2.09239	1.10254	0.226828	-30.5239	0	290	281	0.000185158	4.63018	3.00891e-05	1.5849e-05	2.7027	5.25158e-06	1.78036e-05	-0.0471838	0.0639208	8.81	
134411	4.03518	3.48167	3.6465	3.58882	3.5987	0.370689	1.7993	-6.4266	2.10396	1.11467	0.226828	-30.512	0	290	281	0.000185048	4.63142	3.00861e-05	1.58248e-05	2.71455	5.25048e-06	1.77931e-05	-0.0472028	0.0639334	8.81	
135411	4.03487	3.48132	3.64604	3.58845	3.59829	0.370471	1.79823	-6.41513	2.11542	1.12668	0.226828	-30.5002	0	290	281	0.000184939	4.63263	3.0083e-05	1.58009e-05	2.72629	5.24939e-06	1.77826e-05	-0.0472217	0.0639459	8.81	
136413	4.03456	3.48097	3.64557	3.58809	3.59789	0.370254	1.79717	-6.4037	2.12684	1.13863	0.226828	-30.4885	0	290	281	0.000184831	4.63384	3.008e-05	1.57771e-05	2.73797	5.24831e-06	1.77722e-05	-0.0472405	0.0639582	8.81	
137413	4.03425	3.48062	3.64511	3.58772	3.59749	0.370039	1.79612	-6.39237	2.13815	1.15049	0.226828	-30.4768	0	290	281	0.000184724	4.63503	3.00769e-05	1.57535e-05	2.74955	5.24724e-06	1.77619e-05	-0.0472592	0.0639704	8.81	
138417	4.03394	3.48027	3.64465	3.58736	3.5971	0.369826	1.79507	-6.38108	2.14943	1.1623	0.226828	-30.4652	0	290	281	0.000184617	4.63621	3.00738e-05	1.57301e-05	2.7611	5.24617e-06	1.77516e-05	-0.0472778	0.0639825	8.81	
139420	4.03362	3.47992	3.6442	3.587	3.5967	0.369613	1.79403	-6.36986	2.16063	1.17403	0.226828	-30.4537	0	290	281	0.000184511	4.63738	3.00708e-05	1.57069e-05	2.77256	5.24511e-06	1.77414e-05	-0.0472964	0.0639945	8.81	
140423	4.03331	3.47957	3.64374	3.58664	3.5963	0.369403	1.793	-6.35872	2.17175	1.18568	0.226828	-30.4422	0	290	281	0.000184406	4.63854	3.00677e-05	1.56838e-05	2.78395	5.24406e-06	1.77313e-05	-0.0473149	0.0640063	8.81	
141426	4.03299	3.47923	3.64328	3.58627	3.5959	0.369194	1.79198	-6.34765	2.18281	1.19726	0.226828	-30.4308	0	290	281	0.000184302	4.63968	3.00647e-05	1.5661e-05	2.79527	5.24302e-06	1.77213e-05	-0.0473332	0.0640181	8.81	
142430	4.03267	3.47888	3.64283	3.58591	3.59551	0.368986	1.79096	-6.33666	2.19379	1.20876	0.226828	-30.4195	0	290	281	0.000184198	4.64082	3.00616e-05	1.56384e-05	2.80652	5.24198e-06	1.77113e-05	-0.0473516	0.0640297	8.81	
143430	4.03236	3.47854	3.64238	3.58555	3.59512	0.368781	1.78996	-6.32577	2.20467	1.22015	0.226828	-30.4083	0	290	281	0.000184096	4.64194	3.00586e-05	1.5616e-05	2.81765	5.24096e-06	1.77015e-05	-0.0473697	0.0640411	8.81	
144432	4.03204	3.47819	3.64193	3.5852	3.59472	0.368577	1.78896	-6.31492	2.2155	1.23148	0.226828	-30.3971	0	290	281	0.000183994	4.64304	3.00555e-05	1.55938e-05	2.82874	5.23994e-06	1.76917e-05	-0.0473878	0.0640525	8.81	
145432	4.03172	3.47785	3.64148	3.58484	3.59433	0.368375	1.78797	-6.30417	2.22623	1.24272	0.226828	-30.386	0	290	281	0.000183893	4.64414	3.00525e-05	1.55718e-05	2.83973	5.23893e-06	1.7682e-05	-0.0474058	0.0640637	8.81	
146436	4.0314	3.47751	3.64103	3.58448	3.59394	0.368173	1.78698	-6.29346	2.23693	1.25392	0.226828	-30.375	0	290	281	0.000183792	4.64523	3.00494e-05	1.55499e-05	2.85069	5.23792e-06	1.76723e-05	-0.0474238	0.0640748	8.81	
147439	4.03108	3.47716	3.64059	3.58412	3.59355	0.367974	1.786	-6.28282	2.24755	1.26504	0.226828	-30.364	0	290	281	0.000183692	4.6463	3.00464e-05	1.55282e-05	2.86157	5.23692e-06	1.76627e-05	-0.0474417	0.0640859	8.81	
148442	4.03076	3.47682	3.64014	3.58377	3.59316	0.367775	1.78503	-6.27225	2.25811	1.27609	0.226828	-30.3531	0	290	281	0.000183593	4.64736	3.00433e-05	1.55067e-05	2.87238	5.23593e-06	1.76532e-05	-0.0474595	0.0640968	8.81	
149445	4.03044	3.47648	3.6397	3.58341	3.59278	0.367579	1.78407	-6.26174	2.2686	1.28707	0.226828	-30.3423	0	290	281	0.000183495	4.64841	3.00402e-05	1.54854e-05	2.88312	5.23495e-06	1.76438e-05	-0.0474772	0.0641075	8.81	
150448	4.03011	3.47614	3.63926	3.58306	3.59239	0.367383	1.78311	-6.25131	2.27902	1.29798	0.226828	-30.3315	0	290	281	0.000183398	4.64946	3.00372e-05	1.54643e-05	2.89379	5.23398e-06	1.76344e-05	-0.0474949	0.0641182	8.81	
151448	4.02979	3.4758	3.63882	3.5827	3.59201	0.36719	1.78217	-6.24098	2.28934	1.30877	0.226828	-30.3209	0	290	281	0.000183301	4.65048	3.00341e-05	1.54434e-05	2.90436	5.23301e-06	1.76251e-05	-0.0475124	0.0641287	8.81	
152451	4.02947	3.47546	3.63838	3.58235	3.59162	0.366998	1.78123	-6.23069	2.29961	1.31953	0.226828	-30.3103	0	290	281	0.000183205	4.6515	3.0031e-05	1.54227e-05	2.91488	5.23205e-06	1.76159e-05	-0.0475298	0.0641392	8.81	
153451	4.02914	3.47512	3.63794	3.582	3.59124	0.366807	1.78029	-6.22049	2.30979	1.33018	0.226828	-30.2997	0	290	281	0.00018311	4.6525	3.00279e-05	1.54022e-05	2.92531	5.2311e-06	1.76067e-05	-0.0475472	0.0641495	8.81	
154454	4.02881	3.47478	3.63751	3.58164	3.59086	0.366618	1.77937	-6.21032	2.31995	1.3408	0.226828	-30.2892	0	290	281	0.000183016	4.6535	3.00249e-05	1.53818e-05	2.93571	5.23016e-06	1.75976e-05	-0.0475645	0.0641597	8.81	
155457	4.02849	3.47445	3.63707	3.58129	3.59047	0.366429	1.77844	-6.20023	2.33002	1.35135	0.226828	-30.2788	0	290	281	0.000182922	4.65449	3.00218e-05	1.53615e-05	2.94603	5.22922e-06	1.75886e-05	-0.0475817	0.0641699	8.81	
156461	4.02816	3.47411	3.63664	3.58094	3.59009	0.366243	1.77753	-6.19019	2.34004	1.36183	0.226828	-30.2684	0	290	281	0.000182828	4.65546	3.00187e-05	1.53415e-05	2.95629	5.22828e-06	1.75797e-05	-0.0475989	0.0641799	8.81	
157464	4.02783	3.47377	3.63621	3.58059	3.58971	0.366057	1.77662	-6.18023	2.34999	1.37223	0.226828	-30.2581	0	290	281	0.000182736	4.65643	3.00156e-05	1.53216e-05	2.96648	5.22736e-06	1.75708e-05	-0.047616	0.0641898	8.81	
158467	4.0275	3.47343	3.63577	3.58024	3.58933	0.365873	1.77572	-6.17033	2.35988	1.38257	0.226828	-30.2479	0	290	281	0.000182644	4.65738	3.00125e-05	1.53019e-05	2.97661	5.22644e-06	1.75619e-05	-0.047633	0.0641996	8.81	
159467	4.02717	3.4731	3.63535	3.5799	3.58896	0.365691	1.77483	-6.16052	2.36966	1.39281	0.226828	-30.2377	0	290	281	0.000182553	4.65832	3.00094e-05	1.52825e-05	2.98663	5.22553e-06	1.75532e-05	-0.0476498	0.0642093	8.81	
160470	4.02684	3.47277	3.63492	3.57955	3.58858	0.36551	1.77394	-6.15076	2.37941	1.40301	0.226828	-30.2276	0	290	281	0.000182463	4.65926	3.00064e-05	1.52631e-05	2.99662	5.22463e-06	1.75445e-05	-0.0476666	0.0642188	8.81	
161470	4.02651	3.47243	3.63449	3.5792	3.58821	0.365331	1.77307	-6.14108	2.38907	1.41311	0.226828	-30.2176	0	290	281	0.000182373	4.66018	3.00033e-05	1.5244e-05	3.00652	5.22373e-06	1.75359e-05	-0.0476833	0.0642283	8.81	
162473	4.02617	3.4721	3.63407	3.57886	3.58783	0.365152	1.77219	-6.13143	2.3987	1.42318	0.226828	-30.2076	0	290	281	0.000182284	4.66109	3.00001e-05	1.5225e-05	3.01638	5.22284e-06	1.75273e-05	-0.0477	0.0642377	8.81	
163476	4.02584	3.47177	3.63364	3.57851	3.58746	0.364975	1.77132	-6.12186	2.40827	1.43318	0.226828	-30.1977	0	290	281	0.000182196	4.662	2.9997e-05	1.52061e-05	3.02618	5.22196e-06	1.75188e-05	-0.0477166	0.064247	8.81	
164479	4.02551	3.47143	3.63322	3.57816	3.58708	0.364799	1.77046	-6.11234	2.41777	1.44311	0.226828	-30.1879	0	290	281	0.000182108	4.66289	2.99939e-05	1.51875e-05	3.03591	5.22108e-06	1.75104e-05	-0.0477331	0.0642562	8.81	
165483	4.02517	3.4711	3.6328	3.57782	3.58671	0.364624	1.76961	-6.10288	2.42721	1.45298	0.226828	-30.1781	0	290	281	0.000182021	4.66378	2.99908e-05	1.51689e-05	3.04559	5.22021e-06	1.7502e-05	-0.0477495	0.0642653	8.81	
166486	4.02483	3.47077	3.63238	3.57748	3.58634	0.364451	1.76876	-6.09349	2.43659	1.46279	0.226828	-30.1683	0	290	281	0.000181934	4.66465	2.99877e-05	1.51506e-05	3.0552	5.21934e-06	1.74937e-05	-0.0477659	0.0642743	8.81	
167486	4.0245	3.47044	3.63196	3.57713	3.58597	0.36428	1.76792	-6.08418	2.44587	1.47249	0.226828	-30.1587	0	290	281	0.000181848	4.66551	2.99846e-05	1.51325e-05	3.06471	5.21848e-06	1.74854e-05	-0.0477821	0.0642832	8.81	
168488	4.02416	3.47011	3.63154	3.57679	3.5856	0.364109	1.76708	-6.07492	2.45512	1.48216	0.226828	-30.1491	0	290	281	0.000181763	4.66637	2.99815e-05	1.51144e-05	3.07419	5.21763e-06	1.74772e-05	-0.0477983	0.064292	8.81	
169488	4.02382	3.46978	3.63112	3.57645	3.58523	0.36394	1.76626	-6.06574	2.46429	1.49174	0.226828	-30.1396	0	290	281	0.000181679	4.66722	2.99784e-05	1.50966e-05	3.08358	5.21679e-06	1.74691e-05	-0.0478144	0.0643007	8.81	
170492	4.02348	3.46945	3.63071	3.57611	3.58487	0.363772	1.76543	-6.05658	2.47342	1.50129	0.226828	-30.13	0	290	281	0.000181595	4.66805	2.99752e-05	1.50789e-05	3.09294	5.21595e-06	1.7461e-05	-0.0478304	0.0643093	8.81	
171495	4.02314	3.46912	3.63029	3.57577	3.5845	0.363605	1.76462	-6.04749	2.4825	1.51077	0.226828	-30.1206	0	290	281	0.000181511	4.66888	2.99721e-05	1.50613e-05	3.10224	5.21511e-06	1.7453e-05	-0.0478464	0.0643178	8.81	
172498	4.0228	3.4688	3.62988	3.57543	3.58413	0.363439	1.76381	-6.03846	2.49151	1.52019	0.226828	-30.1112	0	290	281	0.000181429	4.6697	2.9969e-05	1.50439e-05	3.11147	5.21429e-06	1.74451e-05	-0.0478622	0.0643263	8.81	
173501	4.02246	3.46847	3.62947	3.57509	3.58377	0.363274	1.763	-6.02949	2.50047	1.52955	0.226828	-30.1019	0	290	281	0.000181347	4.67052	2.99659e-05	1.50267e-05	3.12065	5.21347e-06	1.74372e-05	-0.0478781	0.0643346	8.81	
174505	4.02212	3.46814	3.62906	3.57475	3.58341	0.363111	1.7622	-6.02058	2.50936	1.53884	0.226828	-30.0926	0	290	281	0.000181265	4.67132	2.99627e-05	1.50096e-05	3.12977	5.21265e-06	1.74293e-05	-0.0478938	0.0643429	8.81	
175505	4.02177	3.46782	3.62865	3.57441	3.58304	0.362949	1.76141	-6.01175	2.51817	1.54805	0.226828	-30.0835	0	290	281	0.000181184	4.67211	2.99596e-05	1.49927e-05	3.1388	5.21184e-06	1.74216e-05	-0.0479094	0.0643511	8.81	
176507	4.02143	3.46749	3.62824	3.57408	3.58268	0.362789	1.76062	-6.00296	2.52695	1.55721	0.226828	-30.0743	0	290	281	0.000181104	4.67289	2.99565e-05	1.49759e-05	3.14779	5.21104e-06	1.74139e-05	-0.0479249	0.0643591	8.81	
177507	4.02108	3.46717	3.62784	3.57374	3.58232	0.362629	1.75984	-5.99425	2.53564	1.56629	0.226828	-30.0653	0	290	281	0.000181025	4.67367	2.99533e-05	1.49593e-05	3.1567	5.21025e-06	1.74062e-05	-0.0479404	0.0643671	8.81	
178511	4.02074	3.46684	3.62743	3.57341	3.58196	0.362471	1.75907	-5.98556	2.54431	1.57535	0.226828	-30.0562	0	290	281	0.000180945	4.67444	2.99502e-05	1.49428e-05	3.16559	5.20945e-06	1.73986e-05	-0.0479558	0.064375	8.81	
179514	4.02039	3.46652	3.62703	3.57307	3.5816	0.362313	1.7583	-5.97694	2.55292	1.58434	0.226828	-30.0472	0	290	281	0.000180867	4.6752	2.99471e-05	1.49265e-05	3.17441	5.20867e-06	1.7391e-05	-0.0479712	0.0643828	8.81	
180517	4.02004	3.4662	3.62662	3.57274	3.58124	0.362157	1.75753	-5.96837	2.56147	1.59327	0.226828	-30.0383	0	290	281	0.000180789	4.67595	2.99439e-05	1.49103e-05	3.18318	5.20789e-06	1.73835e-05	-0.0479864	0.0643906	8.81	
181520	4.01969	3.46587	3.62622	3.5724	3.58088	0.362002	1.75677	-5.95985	2.56997	1.60214	0.226828	-30.0295	0	290	281	0.000180711	4.67669	2.99407e-05	1.48942e-05	3.19189	5.20711e-06	1.73761e-05	-0.0480016	0.0643983	8.81	
182523	4.01934	3.46555	3.62582	3.57207	3.58053	0.361848	1.75602	-5.95139	2.57841	1.61095	0.226828	-30.0206	0	290	281	0.000180635	4.67743	2.99376e-05	1.48783e-05	3.20054	5.20635e-06	1.73687e-05	-0.0480167	0.0644058	8.81	
183523	4.01899	3.46523	3.62542	3.57174	3.58017	0.361696	1.75527	-5.94302	2.58677	1.61968	0.226828	-30.0119	0	290	281	0.000180559	4.67815	2.99344e-05	1.48626e-05	3.20911	5.20559e-06	1.73614e-05	-0.0480317	0.0644133	8.81	
184526	4.01864	3.46491	3.62502	3.5714	3.57982	0.361544	1.75453	-5.93468	2.59509	1.62837	0.226828	-30.0032	0	290	281	0.000180483	4.67887	2.99313e-05	1.4847e-05	3.21764	5.20483e-06	1.73541e-05	-0.0480467	0.0644207	8.81	
185526	4.01829	3.46459	3.62463	3.57107	3.57946	0.361394	1.7538	-5.92641	2.60334	1.63698	0.226828	-29.9946	0	290	281	0.000180408	4.67958	2.99281e-05	1.48316e-05	3.22609	5.20408e-06	1.73469e-05	-0.0480615	0.064428	8.81	
186530	4.01794	3.46427	3.62423	3.57074	3.57911	0.361245	1.75306	-5.91817	2.61156	1.64557	0.226828	-29.986	0	290	281	0.000180333	4.68029	2.9925e-05	1.48162e-05	3.23453	5.20333e-06	1.73397e-05	-0.0480764	0.0644353	8.81	
187532	4.01759	3.46395	3.62383	3.57041	3.57876	0.361096	1.75234	-5.90999	2.61973	1.65409	0.226828	-29.9774	0	290	281	0.000180259	4.68098	2.99218e-05	1.4801e-05	3.2429	5.20259e-06	1.73326e-05	-0.0480911	0.0644425	8.81	
188536	4.01723	3.46363	3.62344	3.57008	3.57841	0.360949	1.75162	-5.90185	2.62784	1.66256	0.226828	-29.9689	0	290	281	0.000180186	4.68167	2.99186e-05	1.47859e-05	3.25122	5.20186e-06	1.73255e-05	-0.0481058	0.0644496	8.81	
189539	4.01688	3.46331	3.62305	3.56975	3.57805	0.360803	1.7509	-5.89378	2.6359	1.67097	0.226828	-29.9605	0	290	281	0.000180113	4.68235	2.99155e-05	1.4771e-05	3.25948	5.20113e-06	1.73185e-05	-0.0481204	0.0644566	8.81	
190542	4.01652	3.463	3.62265	3.56943	3.5777	0.360658	1.75019	-5.88575	2.64391	1.67933	0.226828	-29.9521	0	290	281	0.00018004	4.68302	2.99123e-05	1.47562e-05	3.26769	5.2004e-06	1.73116e-05	-0.0481349	0.0644635	8.81	
191542	4.01617	3.46268	3.62226	3.5691	3.57736	0.360514	1.74949	-5.8778	2.65184	1.6876	0.226828	-29.9438	0	290	281	0.000179969	4.68369	2.99091e-05	1.47416e-05	3.27582	5.19969e-06	1.73047e-05	-0.0481493	0.0644704	8.81	
192545	4.01581	3.46236	3.62187	3.56877	3.57701	0.360371	1.74879	-5.86989	2.65974	1.69584	0.226828	-29.9355	0	290	281	0.000179897	4.68435	2.99059e-05	1.4727e-05	3.28392	5.19897e-06	1.72978e-05	-0.0481637	0.0644772	8.81	
193545	4.01545	3.46205	3.62149	3.56845	3.57666	0.360229	1.7481	-5.86204	2.66756	1.704	0.226828	-29.9273	0	290	281	0.000179827	4.68499	2.99028e-05	1.47127e-05	3.29194	5.19827e-06	1.7291e-05	-0.0481779	0.0644839	8.81	
194548	4.01509	3.46173	3.6211	3.56812	3.57631	0.360088	1.74741	-5.85422	2.67536	1.71214	0.226828	-29.9191	0	290	281	0.000179756	4.68564	2.98996e-05	1.46984e-05	3.29994	5.19756e-06	1.72842e-05	-0.0481922	0.0644905	8.81	
195551	4.01473	3.46142	3.62071	3.5678	3.57597	0.359948	1.74672	-5.84646	2.68311	1.72022	0.226828	-29.911	0	290	281	0.000179686	4.68628	2.98964e-05	1.46843e-05	3.30789	5.19686e-06	1.72775e-05	-0.0482063	0.0644971	8.81	
196554	4.01437	3.4611	3.62033	3.56747	3.57562	0.35981	1.74604	-5.83874	2.69081	1.72825	0.226828	-29.9029	0	290	281	0.000179617	4.6869	2.98932e-05	1.46702e-05	3.31578	5.19617e-06	1.72709e-05	-0.0482204	0.0645036	8.81	
197558	4.01401	3.46079	3.61994	3.56715	3.57528	0.359672	1.74537	-5.83108	2.69846	1.73623	0.226828	-29.8949	0	290	281	0.000179548	4.68753	2.989e-05	1.46564e-05	3.32362	5.19548e-06	1.72642e-05	-0.0482345	0.06451	8.81	
198561	4.01365	3.46048	3.61956	3.56682	3.57493	0.359535	1.7447	-5.82346	2.70605	1.74415	0.226828	-29.8869	0	290	281	0.00017948	4.68814	2.98868e-05	1.46426e-05	3.33142	5.1948e-06	1.72577e-05	-0.0482484	0.0645164	8.81	
199561	4.01329	3.46016	3.61918	3.5665	3.57459	0.359399	1.74403	-5.81592	2.71358	1.752	0.226828	-29.879	0	290	281	0.000179412	4.68875	2.98836e-05	1.4629e-05	3.33913	5.19412e-06	1.72512e-05	-0.0482622	0.0645226	8.81	
200563	4.01293	3.45985	3.6188	3.56618	3.57425	0.359264	1.74337	-5.80841	2.72107	1.75981	0.226828	-29.8711	0	290	281	0.000179345	4.68935	2.98804e-05	1.46155e-05	3.34681	5.19345e-06	1.72447e-05	-0.0482761	0.0645288	8.81	
201563	4.01256	3.45954	3.61842	3.56586	3.57391	0.359131	1.74272	-5.80097	2.72849	1.76755	0.226828	-29.8633	0	290	281	0.000179278	4.68995	2.98772e-05	1.46022e-05	3.35443	5.19278e-06	1.72383e-05	-0.0482898	0.064535	8.81	
202567	4.0122	3.45923	3.61804	3.56554	3.57357	0.358998	1.74207	-5.79354	2.7359	1.77527	0.226828	-29.8555	0	290	281	0.000179212	4.69053	2.9874e-05	1.45889e-05	3.36202	5.19212e-06	1.72319e-05	-0.0483034	0.064541	8.81	
203570	4.01183	3.45892	3.61766	3.56522	3.57323	0.358866	1.74142	-5.78618	2.74324	1.78293	0.226828	-29.8478	0	290	281	0.000179146	4.69112	2.98708e-05	1.45758e-05	3.36956	5.19146e-06	1.72256e-05	-0.048317	0.064547	8.81	
204573	4.01147	3.45861	3.61728	3.5649	3.57289	0.358735	1.74078	-5.77886	2.75055	1.79054	0.226828	-29.8401	0	290	281	0.00017908	4.69169	2.98676e-05	1.45627e-05	3.37705	5.1908e-06	1.72193e-05	-0.0483306	0.064553	8.81	
205576	4.0111	3.4583	3.61691	3.56458	3.57255	0.358605	1.74014	-5.77158	2.7578	1.79811	0.226828	-29.8324	0	290	281	0.000179016	4.69226	2.98644e-05	1.45498e-05	3.38449	5.19016e-06	1.7213e-05	-0.048344	0.0645589	8.81	
206580	4.01073	3.45799	3.61653	3.56426	3.57221	0.358476	1.73951	-5.76435	2.76501	1.80562	0.226828	-29.8248	0	290	281	0.000178951	4.69282	2.98612e-05	1.45371e-05	3.39189	5.18951e-06	1.72068e-05	-0.0483574	0.0645647	8.81	
207580	4.01036	3.45768	3.61616	3.56394	3.57188	0.358348	1.73889	-5.7572	2.77215	1.81306	0.226828	-29.8173	0	290	281	0.000178887	4.69338	2.98579e-05	1.45245e-05	3.39921	5.18887e-06	1.72007e-05	-0.0483707	0.0645704	8.81	
208582	4.01	3.45737	3.61578	3.56362	3.57154	0.358221	1.73826	-5.75007	2.77926	1.82047	0.226828	-29.8098	0	290	281	0.000178824	4.69393	2.98548e-05	1.45119e-05	3.4065	5.18824e-06	1.71946e-05	-0.048384	0.0645761	8.81	
209582	4.00963	3.45706	3.61541	3.56331	3.57121	0.358095	1.73765	-5.74301	2.7863	1.82781	0.226828	-29.8023	0	290	281	0.000178761	4.69447	2.98515e-05	1.44995e-05	3.41373	5.18761e-06	1.71885e-05	-0.0483972	0.0645817	8.81	
210586	4.00926	3.45676	3.61504	3.56299	3.57087	0.357969	1.73703	-5.73597	2.79332	1.83512	0.226828	-29.7949	0	290	281	0.000178698	4.69501	2.98483e-05	1.44872e-05	3.42093	5.18698e-06	1.71825e-05	-0.0484103	0.0645872	8.81	
211589	4.00888	3.45645	3.61467	3.56267	3.57054	0.357845	1.73642	-5.72897	2.8003	1.84239	0.226828	-29.7875	0	290	281	0.000178636	4.69554	2.98451e-05	1.4475e-05	3.42809	5.18636e-06	1.71765e-05	-0.0484234	0.0645927	8.81	
212592	4.00851	3.45614	3.6143	3.56236	3.57021	0.357721	1.73582	-5.72203	2.80722	1.84961	0.226828	-29.7802	0	290	281	0.000178574	4.69606	2.98419e-05	1.44629e-05	3.4352	5.18574e-06	1.71706e-05	-0.0484364	0.0645982	8.81	
213595	4.00814	3.45584	3.61393	3.56204	3.56987	0.357598	1.73522	-5.71512	2.81411	1.85678	0.226828	-29.7729	0	290	281	0.000178513	4.69658	2.98386e-05	1.44509e-05	3.44226	5.18513e-06	1.71647e-05	-0.0484493	0.0646035	8.81	
214598	4.00777	3.45553	3.61357	3.56173	3.56954	0.357476	1.73462	-5.70827	2.82095	1.8639	0.226828	-29.7657	0	290	281	0.000178452	4.6971	2.98354e-05	1.44391e-05	3.44928	5.18452e-06	1.71589e-05	-0.0484622	0.0646088	8.81	
215599	4.00739	3.45523	3.6132	3.56142	3.56921	0.357356	1.73403	-5.70147	2.82772	1.87095	0.226828	-29.7585	0	290	281	0.000178392	4.6976	2.98322e-05	1.44274e-05	3.45623	5.18392e-06	1.71531e-05	-0.0484749	0.0646141	8.81	
216601	4.00702	3.45492	3.61284	3.5611	3.56888	0.357236	1.73344	-5.69471	2.83446	1.87798	0.226828	-29.7514	0	290	281	0.000178332	4.6981	2.98289e-05	1.44157e-05	3.46315	5.18332e-06	1.71473e-05	-0.0484877	0.0646192	8.81	
217601	4.00665	3.45462	3.61247	3.56079	3.56855	0.357117	1.73286	-5.68801	2.84114	1.88494	0.226828	-29.7443	0	290	281	0.000178273	4.6986	2.98257e-05	1.44042e-05	3.47	5.18273e-06	1.71416e-05	-0.0485003	0.0646244	8.81	
218605	4.00627	3.45431	3.61211	3.56048	3.56823	0.356998	1.73228	-5.68133	2.84781	1.89188	0.226828	-29.7372	0	290	281	0.000178214	4.69909	2.98225e-05	1.43928e-05	3.47684	5.18214e-06	1.71359e-05	-0.0485129	0.0646294	8.81	
219607	4.00589	3.45401	3.61175	3.56017	3.5679	0.356881	1.73171	-5.67469	2.85442	1.89876	0.226828	-29.7302	0	290	281	0.000178155	4.69957	2.98192e-05	1.43815e-05	3.48363	5.18155e-06	1.71303e-05	-0.0485255	0.0646344	8.81	
220611	4.00552	3.45371	3.61138	3.55986	3.56757	0.356764	1.73114	-5.6681	2.861	1.90561	0.226828	-29.7232	0	290	281	0.000178097	4.70005	2.9816e-05	1.43703e-05	3.49038	5.18097e-06	1.71247e-05	-0.048538	0.0646394	8.81	
221614	4.00514	3.45341	3.61102	3.55955	3.56724	0.356648	1.73057	-5.66155	2.86753	1.91241	0.226828	-29.7163	0	290	281	0.000178039	4.70052	2.98127e-05	1.43591e-05	3.49708	5.18039e-06	1.71191e-05	-0.0485504	0.0646443	8.81	
222617	4.00476	3.4531	3.61066	3.55924	3.56692	0.356533	1.73001	-5.65504	2.87402	1.91916	0.226828	-29.7094	0	290	281	0.000177981	4.70099	2.98095e-05	1.43481e-05	3.50374	5.17981e-06	1.71136e-05	-0.0485628	0.0646491	8.81	
223617	4.00438	3.4528	3.61031	3.55893	3.56659	0.356419	1.72945	-5.64859	2.88044	1.92585	0.226828	-29.7026	0	290	281	0.000177924	4.70145	2.98062e-05	1.43373e-05	3.51034	5.17924e-06	1.71081e-05	-0.048575	0.0646539	8.81	
224620	4.004	3.4525	3.60995	3.55862	3.56627	0.356306	1.72889	-5.64217	2.88684	1.93251	0.226828	-29.6957	0	290	281	0.000177868	4.70191	2.9803e-05	1.43265e-05	3.5169	5.17868e-06	1.71027e-05	-0.0485873	0.0646586	8.81	
225620	4.00362	3.4522	3.60959	3.55831	3.56595	0.356194	1.72834	-5.63581	2.89318	1.93911	0.226828	-29.689	0	290	281	0.000177812	4.70236	2.97998e-05	1.43158e-05	3.52341	5.17812e-06	1.70973e-05	-0.0485994	0.0646633	8.81	
226623	4.00324	3.4519	3.60923	3.55801	3.56562	0.356082	1.7278	-5.62947	2.8995	1.94569	0.226828	-29.6823	0	290	281	0.000177756	4.70281	2.97965e-05	1.43052e-05	3.5299	5.17756e-06	1.70919e-05	-0.0486115	0.0646679	8.81	
227626	4.00286	3.4516	3.60888	3.5577	3.5653	0.355971	1.72725	-5.62317	2.90578	1.95222	0.226828	-29.6756	0	290	281	0.000177701	4.70325	2.97932e-05	1.42947e-05	3.53635	5.17701e-06	1.70866e-05	-0.0486236	0.0646725	8.81	
228629	4.00248	3.45131	3.60852	3.55739	3.56498	0.35586	1.72671	-5.61692	2.91202	1.95871	0.226828	-29.6689	0	290	281	0.000177646	4.70368	2.979e-05	1.42843e-05	3.54275	5.17646e-06	1.70813e-05	-0.0486356	0.064677	8.81	
229633	4.0021	3.45101	3.60817	3.55709	3.56466	0.355751	1.72618	-5.6107	2.91821	1.96516	0.226828	-29.6623	0	290	281	0.000177591	4.70411	2.97867e-05	1.42741e-05	3.54911	5.17591e-06	1.7076e-05	-0.0486475	0.0646814	8.81	
230636	4.00171	3.45071	3.60782	3.55678	3.56434	0.355642	1.72565	-5.60452	2.92437	1.97156	0.226828	-29.6558	0	290	281	0.000177537	4.70454	2.97835e-05	1.42639e-05	3.55543	5.17537e-06	1.70708e-05	-0.0486594	0.0646858	8.81	
231636	4.00133	3.45041	3.60747	3.55648	3.56402	0.355535	1.72512	-5.59841	2.93047	1.97791	0.226828	-29.6492	0	290	281	0.000177483	4.70496	2.97802e-05	1.42538e-05	3.56169	5.17483e-06	1.70657e-05	-0.0486712	0.0646902	8.81	
232638	4.00095	3.45012	3.60712	3.55617	3.5637	0.355428	1.7246	-5.59231	2.93654	1.98422	0.226828	-29.6428	0	290	281	0.00017743	4.70537	2.97769e-05	1.42438e-05	3.56793	5.1743e-06	1.70605e-05	-0.0486829	0.0646945	8.81	
233638	4.00056	3.44982	3.60677	3.55587	3.56338	0.355322	1.72408	-5.58628	2.94256	1.99048	0.226828	-29.6363	0	290	281	0.000177377	4.70578	2.97737e-05	1.42339e-05	3.5741	5.17377e-06	1.70554e-05	-0.0486946	0.0646987	8.81	
234642	4.00018	3.44952	3.60642	3.55556	3.56307	0.355216	1.72356	-5.58026	2.94855	1.99672	0.226828	-29.6299	0	290	281	0.000177324	4.70619	2.97704e-05	1.42241e-05	3.58026	5.17324e-06	1.70504e-05	-0.0487062	0.0647029	8.81	
235645	3.99979	3.44923	3.60607	3.55526	3.56275	0.355111	1.72305	-5.57428	2.95451	2.00291	0.226828	-29.6235	0	290	281	0.000177271	4.70659	2.97671e-05	1.42144e-05	3.58638	5.17271e-06	1.70453e-05	-0.0487178	0.064707	8.81	
236648	3.9994	3.44893	3.60572	3.55496	3.56243	0.355007	1.72254	-5.56834	2.96043	2.00907	0.226828	-29.6172	0	290	281	0.000177219	4.70699	2.97639e-05	1.42048e-05	3.59246	5.17219e-06	1.70403e-05	-0.0487293	0.0647111	8.81	
237651	3.99901	3.44864	3.60537	3.55466	3.56212	0.354904	1.72203	-5.56244	2.96631	2.01518	0.226828	-29.6109	0	290	281	0.000177168	4.70738	2.97606e-05	1.41952e-05	3.5985	5.17168e-06	1.70354e-05	-0.0487408	0.0647152	8.81	
238655	3.99863	3.44834	3.60503	3.55435	3.5618	0.354801	1.72153	-5.55658	2.97215	2.02125	0.226828	-29.6046	0	290	281	0.000177117	4.70776	2.97573e-05	1.41858e-05	3.60449	5.17117e-06	1.70304e-05	-0.0487522	0.0647192	8.81	
239655	3.99824	3.44805	3.60468	3.55405	3.56149	0.354699	1.72103	-5.55077	2.97794	2.02727	0.226828	-29.5984	0	290	281	0.000177066	4.70814	2.9754e-05	1.41765e-05	3.61044	5.17066e-06	1.70256e-05	-0.0487635	0.0647231	8.81	
240657	3.99785	3.44776	3.60434	3.55375	3.56117	0.354598	1.72054	-5.54499	2.9837	2.03326	0.226828	-29.5923	0	290	281	0.000177015	4.70852	2.97508e-05	1.41672e-05	3.61635	5.17015e-06	1.70207e-05	-0.0487748	0.064727	8.81	
241657	3.99746	3.44746	3.604	3.55345	3.56086	0.354498	1.72005	-5.53926	2.98941	2.03919	0.226828	-29.5861	0	290	281	0.000176965	4.70889	2.97475e-05	1.41581e-05	3.62222	5.16965e-06	1.70159e-05	-0.048786	0.0647309	8.81	
242661	3.99707	3.44717	3.60365	3.55316	3.56055	0.354398	1.71956	-5.53355	2.9951	2.04511	0.226828	-29.58	0	290	281	0.000176916	4.70926	2.97442e-05	1.4149e-05	3.62806	5.16916e-06	1.70111e-05	-0.0487972	0.0647347	8.81	
243664	3.99668	3.44688	3.60331	3.55286	3.56024	0.354299	1.71907	-5.52788	3.00075	2.05098	0.226828	-29.574	0	290	281	0.000176866	4.70962	2.97409e-05	1.414e-05	3.63387	5.16866e-06	1.70063e-05	-0.0488083	0.0647385	8.81	
244667	3.99629	3.44659	3.60297	3.55256	3.55993	0.354201	1.71859	-5.52224	3.00637	2.05682	0.226828	-29.5679	0	290	281	0.000176817	4.70998	2.97376e-05	1.41311e-05	3.63964	5.16817e-06	1.70016e-05	-0.0488194	0.0647422	8.81	
245670	3.9959	3.44629	3.60263	3.55226	3.55962	0.354103	1.71811	-5.51664	3.01195	2.06261	0.226828	-29.5619	0	290	281	0.000176768	4.71034	2.97343e-05	1.41223e-05	3.64537	5.16768e-06	1.69969e-05	-0.0488304	0.0647459	8.81	
246674	3.99551	3.446	3.60229	3.55196	3.5593	0.354006	1.71764	-5.51108	3.01749	2.06837	0.226828	-29.5559	0	290	281	0.00017672	4.71069	2.97311e-05	1.41136e-05	3.65106	5.1672e-06	1.69923e-05	-0.0488414	0.0647495	8.81	
247674	3.99511	3.44571	3.60195	3.55167	3.559	0.35391	1.71717	-5.50557	3.02298	2.07408	0.226828	-29.55	0	290	281	0.000176672	4.71103	2.97278e-05	1.4105e-05	3.6567	5.16672e-06	1.69877e-05	-0.0488522	0.0647531	8.81	
248676	3.99472	3.44542	3.60162	3.55137	3.55869	0.353814	1.7167	-5.50008	3.02844	2.07976	0.226828	-29.5441	0	290	281	0.000176624	4.71137	2.97245e-05	1.40964e-05	3.66232	5.16624e-06	1.69831e-05	-0.0488631	0.0647566	8.81	
249676	3.99433	3.44513	3.60128	3.55107	3.55838	0.353719	1.71624	-5.49464	3.03386	2.08538	0.226828	-29.5383	0	290	281	0.000176577	4.71171	2.97212e-05	1.40879e-05	3.66788	5.16577e-06	1.69785e-05	-0.0488739	0.0647601	8.81	
250000	3.9942	3.44504	3.60117	3.55098	3.55828	0.353689	1.71609	-5.49288	3.03561	2.0872	0.226828	-29.5364	-6.27744e+66	-6.27744e+66	-6.27744e+66	-6.27744e+66	-6.27744e+66	-6.27744e+66	-6.27744e+66	-6.27744e+66	-6.27744e+66	-6.27744e+66	-6.27744e+66	-6.27744e+66	-6.27744e+66	
number of steps	47916
elapsed time	36